A0010000100001000000111000000100000100000010001100000001011000000001100000010000010000000000010000000011000100010000100000100000011010100001001100000000010011000100011000001000100000001110000001000100
11011110001100111010000011110001110101101100100001111101000011110110001111100101110101111111011011101000010001000111001110110111000010001101101001101111011010010111000010111010011110100000111100010001
01001101010110011011011100011011010100101101111111011001010110100100101011001100010100001101001110101101111011111110010010010001111011101101101011100111001000110011101110011011000010101111100011011101
01100101010111001111001001011011010111101001000011010011010010101101101000011111010111100101101000111001010010000000110111001101011010001000100000010000100011111000100111001010101001100010001011011000
01110101010000100001101111010001000000101011101010010111011010000101001011000001000100010100000010010011010110101111000000100001001011011010101111111110111100000110110001101010101100111100111001010010
00010101010110111101101000011101011110101001001000110100001001111101011011011101111111010111111111010111010000100101011111111111100010011010101111100010100111010110111101101010001010001101000100110110
01100100010110000001001101001001011000001100011010010001101101010001001010011100100000010001000001010111011111110001000100000001001100100011000000001110110000010110110101100011011011100001010110010110
01001101110001111101011101111011110011111110111111111111101000010111100011100010011110111101111011010000011000001101110001110111011101101100011111111100111111100100100100111101001010111111010111010110
00010101011101000111000001000010000110001100100000110000101011100010111110001011000010001001000001001111100011100100010111100100010000101001010011000001000110001101101110001101101010000010010110010010
01110101010001010010011111011111011100100001101110000110011000001000010000111001111000111011011111101000101110110111010001001101111011101111011000011111010000111101100111100101101010111010110100111010
00110101011011011000111000010000001001111111101011111111001010111111110111101100011011110011010000100010001010100000011111011101100010000001001011110000010111000100110001110101001000100010110101000010
10000101010010010110001011111111101011000011001000100111101110001000100010101111010011000100010101111111111000111111111000010000001111111101111010100111110100010010001100010101011111001100010001010110
11110101010110110111111000110000101001011100011010110000000001110010111010100001011100011111000100011100000010000110000011001111111100000100010010001100010110111011101001100101000010011001111111110110
10000101000110100000000110000110011101011001100010010111111101000110001010001011011001110001111111000011111111010100111001100100000001101111000110100011000010011011001011001101111010111010000000010110
00111100110010001111110011111111010000010011101111011101000101010101101011111010001011000100000100011000100011010101111101111101111010101001111110111000111011001000011010011100011010111010110111000100
01101010011001111000111000001000010111100100100111000100010101011101000010001010100010011111110001111110001001010101000101100000001010101100010000101110100001101111101000111101100010000010010101111101
00001011001100000110100011110011100100101101110010110001110101000100011110101010111111000100001110000111111101011101110101001111101000111001010111100110011101001000101011111101101110111111010001000000
11100011100111110010001111000110101001101100001010101111100100110111110000100001101000010011101010111000000000010000000101011000111110100011010010110001000101011010001010000001001000110001110100111110
10111011110101111011101010010110001011100101101000101000101110000100010101111100100011111010100010110011111010110111111101010010000110101101011010001101110101010011101000101110011011100110000110010100
00110011110100001000100010110100100000010001001110100010101000110101010100000101101111100000101000100110001010100111100001010110110010001101011010101101010110011000101111101010110010101100110001000101
01100100000110101110101010110101101111111111011010101110100111111101010101110101001100001111101101101110100110101000001110010100111111101001010010100001010100111110110000001000100110001001111111110100
00001111011110111010101010011000111000110001010010100010110001100001001101000101010001111100001001001000110011001011101100110110100001111011010110011100010001110000100111111011101110110011000110000110
01110000010000100010011011010010010010000101000110101001111100001111101001010110010101010001111011010011111001011010001001000010101100000010010011011111111111100111001000000010101110000111010000111110
00110111010101101011000111000111010111111100110110111101110111111010101110010010110111000101000010010110111101010010110011011011101111111010111011011110000010001110011111110110000001101011010111110100
10010001110100101000110011011111110110000110010010001101100001000010001000111010010001111101011100110010000100010110100101011000100011010010101001000000110110100010111100010111111100101010010100000101
01010100011110001110101001010000000100110111011011100001001101101010111101000011011100001001011001111010110101100100101101010110011001000110100101011111100100111010001001010001001110111000111001110100
01011111000001111000101100110111111101100011001010111100011101001010100001110111010111101011010011100010110100101101000101010111011101010010110101010000101101101011101011011101100000001011100011000110
01000001010100100010000010000100011000101000101000100011100000011010101100011100010101001001110110001110010011100111011101000111001001011010010001010110100001001000101011000101111111100010101000111000
01111101010110110111111011111101100010111011101010001000101111111110100011000110100001011100000011011011011001110001010001110110100011001111000111000110111111100110001001110100010000011110101110110011
01000100110110010001001011000100001010001110001011011110101000011000101000110000101011000111111001000010000100110101011101000010111110100011111110111100100000110111111101000101010111110000100010100110
01010110100001010101100000110101111111100011011010000011101011000011111110111111101010110000001101111011111110010101000100111010000110101000000010100101101010010000000101101111010100001101111010001000
00010010111111010100011110000101000000111010001010111000001001111110001000001000001010101110110001001000001011001100110110000000110000111111111000110101001011011011111101100001010001100100001011111110
10111110000010010101010000111001101110001010111010000111111100010000100111101101111000101000100101011111101001100110100111111101000110000000001010000101110011001000000101011100010111110011100010010000
10100011111010110111011011111010100111101010001010111110000011011101110100000001000110001011101111000101001101110100001000000001111111111011111011010100000101101011110101010001010100011000001111000101
00001000100010011000001010110010110100100011101011111000111000010000010101111110010011110010100010010001010001000111111011111110000100010011000111010111111101001111000101001111110101010111110001011100
11011011101111010011111010100110110110111010001110000011111111111011100101000010111000100110111000110111010110010000010011000100110101011110010111010100100100010000010101100000000001010101111101000110
10001000100100010111011010101100100100000011011000111110000000100010001110010110011110001000011111100010010100111111011110010001000001010000110000010110001101111111010100011111111111000100110001110100
00101110110001010010010010100001101111111011000011110010111011001110111000110011000011111111000001101110110001000101000010111111111111000111111111110000100101000100010111000010110000110110000100010101
01101100011111111010110110110110000010001000111100000110100001010100100011111011110110000010011101000010000111110001111010100000100001111000000100010111110100010110110101101000100110010010110101011101
00011001001000000010000000010011111010100110100011010100011100010101111010000011000100111000111001011111111100000100100010001011001100001010101101000111000111110010010001001110101101001010100101010001
11001011101011110111111101111000010010110110111010011101000111110100011010111110011101111111000011001000000001011111101111011000011011101010100001111000110100011011011101010000101101101010101011010100
01101001101110010000000100000111010110100010000010110001110010000111000010010000100001000101111110101011110111011000001011000111111010001110111111000010010011010001001001010111100001101010101010010110
01101100100010110111110111110100010010101001111010000100011011010000111111000111101111010000100010101001010100010011111001110000110010110000010001101011001011011101101111010000110111001011101000110010
01000110111000110111010001000101111000101101001001101111010001011011101011111000001100011011101000101101010110110100001100011110100110011101010100101111101001010001101100011110110110011000001011011010
01010110110110100000011101011001001111011101011100111101011101100010001000001110111001101000101110001101010011110101100001100010101111000111010110000000101101010110001001100010100100111111111001011011
01010010010110111111110001011011100001010001000010000100000101101100101011100000100011101101101011111001011000000100111110001000100111110001110111111110100100010110110011001010101101100010001101010000
01011011010110100000100101100000011100010101011011110011110100100001100000110110101100000100000000010011001111111110000010111111110000111100000110000010110011010010100111011001101100101000101001010110
00011111010110110110101111001111010001010101111010001000110110101111111110010011101111010111111111100111101000000111111010110001100110000011111100110110101011011000101111001101000010111011101011000100
01100000010010000100101000010001000111110110001000101110010010100100100011011000000010010001000010001100001110110000000010001100001111111010001001000010101001111101100000100101111010001001110000111101
11001111111001111101100011111101110110000100100010101011011010110110001001001111111000110111011000111001100110001111110111100011011100010000110011011110101100011000110111110100000011101100000110010001
00010000001101101101101110001000000010111101111111100011011010010111011100111010001111000110011111110011110011101010010000111001000101000110110100010000100111000010010110000111111000100111111111000101
01010101011000100000101100101111111010101101000001001001010011010001010110000010110001110100100010000100001010001000110110001100110111111111100101111011110001111111110000110110001110110100000100011100
01110101110010011110111001100000011110100101011101101101011111011101010100111010110100100101101000111101111011011101011100100010110100011000001101010010001100000010001101000100101010110001110011110110
00010011000111000010001011111111000000110001000100111101001000010001010001110000100110111001001101000001100010000101010001111010010101010011111101010100101111011010101101011001101000001111111000010000
11011000010101111001101000010001111111100101110110001001101101011011110111000111001010000011011101011111001111110001000101000011010101010100000001010101100001110010100101110010101111100110001111001110
00011011110101101101001101000100010000001100010111101111001001110010000100011100011011111110011001000010010000011110010101011100010101010101111111010101111100010110110110000110100011010001100000100110
10110000011000100100011101111101011111111001000000100100011010000110110110110101101010000010110011101100110111000010110101010001110101000101100001010100110001000110100000111110111001011100110110110010
00010111000010110111100001000101011000001101101110110101111010111111100110000100101011111010010111101101000011010110011101110111000100111100001101010110001111110110111111100010000101000010000111111011
01011101011110000000101111010011010011100100101010110001000010000010001011110110100001101011010011001001011001110011000110000100011110000111111001000001101100010010100011001011010101111011110100001000
01010001110101111110111110011000010111010111101000001100110111111000111010010100110100101000011010011011001100001011010000111101100011110010001011111100000101001110101000011011011100101010000101101110
01010100000101100000001100101111010001010001101111111110100100011111100010110101110110101011100010111011101111101001110111100000001001011010101000001111111101100010101111110010000010101010111001001000
01000101110100001111100101101101011101011101000100010000001101010000001010100101100100001010001110000011000010101100010000111111101100011010100111101000101001111010100001000110101010101000001011011010
01111101000111111010110001000100011001001001011101011111111001000110111000101101001111100110110001101100011010100111001110000001111111011000110000100010001010100010011011010100101010001011111010000010
00110111011000100010000111110001100010011011010001010001011011111110101110100101010000110100100100101111110000110101101100111100100010001111110110011111100010101111010001010101100111101001000011111110
10000100011010001011110100010111101110110011110111010101000000111000100000110100011101100101111110000000010110010101000101000110001000101000010111010000111110000011000101011100010000100111011001000010
11111101110011111000110101010000101000110110000100010100110111000011111110110111110001001101000111011111010001010100010111110111111111101011010010011010110001111001111101000111011010110001001111011001
00010001000110000110100101001111001010100100111101110110010001011110000110100100010101011001010001110101011111010111110000110000001000011011011110100010000100000101000011110101011010011101100010000100
01000111011100110010101101100000010010101101100101100101001011001100110010101111010101001100010100010001001000110100001110000111100011010001010000101111111111010100011001100100010010110000011000111110
01110100000101101000100101111111110110100100101101001101101011101001011010100010010111100011110101011011101010110101100111111111111101011101010111100110001010010111111101001111110110100111110011100010
00010110110100101111110100110000100001110110101100010001101001100011011001111000110000011000010101010000101010110101110000100000001101010001000100110000100010110001000101010000000100101100000110101100
11010010010110001101110110001110001100010100100111110110001101011110001100001010110111011110110011011101100010010000011110101111100001000111111110001111111010001101101100010101111101100011101110000101
10011011001111100100100111100100100011010001110100010110111001010000100011101010100111011010011010010000111111001111001010101000010111110100000111101010000011101100001111111100101101111001100000110100
00100000100100010110101000110101111110011011010101110110001011011110111010101100111000001011011110110111100000101001101000100111010100010101110011000010111110100011110000000110100001000100111110100110
01111110110111010110001010110100010000111000010001100010101000000110001010100001100011100001001000110110001011101101001011110000011001001100011000011100100000111000000110110010110111110110100100111110
00010000010100010011101010000111110111000111001101001010100111110001110000111111001111111101100011100000101010001100011001000111001011100001011111010001110110000111111100011000100100000100110001000000
01001101110110111001101011111110000100010111101100011010110000111100010110001000011000001001111110001101111010111001110100111111101010111111010001110110000111110100100001011111101111010101101011011110
01100111000100011100101000000000111001110010000001110001111110000111000111101010111011101010000011111001100010001011010110001000000000100000010101000011110000100101101101010000100000010101101011010000
01010000011111000110011111101111000010001011111101000100110001110011111001001010011000101010101001010010001011011001000111101011111111001111010100011110001110101101001001100110111111001100001110010110
01011111100000110111000010100100011110101001000001111110000100011010001011011011000110011011101100010110101110010100010100001010000000011000010111010000100000100001011010001110001000100111100010111110
01011000101110010001111000110101110000111100111111000101110101010010100010010011110101001000100111010100101000110101010111011010111111111011110101110111101111110101001110111001100110110000011010100001
01000010001111010100001011100100001110001110001000010101010111110110101100110101100101101110110100001101101011110111011000010010100000100011000100000110001000110111101000001101110010001101001010101101
00010111110000000110111010001111101100100011100011110001000100000101001001000101001101100010000111101101110010000000010011110110111011001100011110111010111010010000100011101100011010101101101010000101
11111100011111111110100011011101101001111010111111011101111001111101011011011101011100011011111110001000100111111111110110010110001000011001110100001010110011001110111111100101001010100100101001110101
00000001000111000010101001000001001010001000000001000100100010000001011010000001000101000010001000110011101111000100000010110001101110111011010001101010010111100110001100010001101001110010011100011101
01111111110010011001101101101110011011101101111110010010110110111100010011111101110101111000110011110111001000010111011110111101101100011011010100101011010001010001101001011111101100011011000111000100
00010000001000101100001100101100101001100101000010111010110111110001100100001001010100001111000100010010011010110001000010000001001001001001000110110000010101011100101011000010001011011000110001110110
11010101111010101111100111100101101100101100011010110010000100000111001101100011010101011000011101011010111110110100111010111110011011101101101110100101111101010110011011111010101010010010110100100110
00010100010011100000110000010101100110000101101000010111111110111000010000101110010101001011110001000010100000110110111010010010100000101100111100111101000001010111011010001010111000111110100111101000
01111111000110001110011111110100110000111100101111110111000000110011111110101000110011101010000100111110101110011110111011011010101110101010001001000001011111010001001011011011000011000000101100001010
01100000111110111011000110000110111111100010101000010110010111100110001010110010101001101011101110011000101011000110010010000010111110101011101011011101000011010101101011010001011110010111001001111011
00001011100000001010010000111010010000101010100010110000110001001000101000010110101100101000001011010011100001110101000111111110100001101001000011010111111001010101001001000100010000110000011011101000
01111001101011111011111110001011000101101010111110111111111101011010100111010110001010101111111001010100001101000101110100000110001101100011011001010000001101000101011101011111010101111111111010001010
00000100001010010010001011011011111100001010010000100000000101011110110001010110101010101101000101010111111101011100000111010010100100101001011101010111101101011100011001010001110101000000000011011010
11110111111011000110101010001000010111110011000110011110111001010000111011000110111000100001011101010000000011000101110110011010111110101111011111000110101001000011100011100100001101011111111111000010
00100010001000010100101011100111000100100111111011000100100011000111100000111000100011110100010000011111111001110111000100110001100010111000011000111000111011011001111010101111100101001001000001011100
01101110101110111101101000110010010101101000001011110001101000111000111110101110101110010111100111110010001100010000111001000100101010001101110010000010001001110100100010001000110011101011011101000101
01000100100010100001101110001000110001101111101000001100101110111110000010100010100011000100001000011000101111010110000011011110001001100001000111111111101100010110101100111010011001001001001101011000
01110101111010101110000001101111111011001000001010110110101000000010111010001001111011101101111011010011100110010111111110000011111101110110011101011000100111010100001001101111011100011101101001001010
01000100101001100011111100100110001011011101111010010110100111111010011111111100010011101101101111010110010000110000000011111010001000010100110001010010110011010001101011101000000111100000001011101010
00011110100101101001010110110000100010010001110011000110110010101011000001100011000100001100100000010011011111111011111100001110101111011101000101000110001010010111101000001011110000101111110000101001
01100010110101001101000010001101111100110101100111110010101000100000011100011011111111100010011011011001000000100010001001100000100011010001011101101111111010110100011111101000011110100000010111001100
01101100110101011001101011101001100001000100101000001010101110111111110101000000010010001111010001000100111110001110100011111111111010010111011000001000010010100101010001100111000010011111010010011110
01001001010101011011001110001110001111110011101111101010001010100001010101111111011000111000011101111110101100111010111100000000110010110000010011111011010110101101000100010000111011000001111000110000
00011011010001011011011000111100111000011001000011001001101010101101010001000101011011000011100001000000101001110010011101010110010110111111110111100011000100111001110111011110011011111100001111110101
01100011010111001001010011100001000011001100011000011101001010000101000111010001011011011111101101011111101011000111001101010011110100000100000001001101011110100011100110010011000010011111100000010100
01101110010001101101010110001111011111101101111111111001011011111101111100011011000001001000001001010110001001101111100101001001000111110101111111011101110000101111001000111011111111000001111111010110
11001000111100100101010000110001011000001101000000000011001001010001000110111000111101101011101101010000111100001111110011101111011100000100100100010000000111001010011010101010000001101110000001001010
00011011100010011101001111110101000110110001101111110111101100010110010100100110101101101000100101011110010111100000001010100000010101111110001101010111110000010010111010100000110100101000110101101010
01100001101011011001101010000100010010111111001000010100100111010010110101110100101001001010110111000111000001001111111000111111000100000000111101010100011111110110100011001111100110001011100101100010
01101100001001000011101001111111111010111000011011100101110110011000100100110101101011011011110001110011101110011100010110001101110110111111100001010101110000000100110110011000101011110010001100111010
00100110101101111111001100000000001010010011100010001100010000111111001110000100101011001110001100001000101100111001010100100101100010101010001111010100001101111101010010111010001010000100110110101000
10110010111111100000011001111011100011010111001000111001010110000010011111110110100000100000101111101110100001100011000101110100101110001000111000110101100101100001011011100010111000111101110110101101
10101010000000001011100011001001101101000110011111110011011100111010111100010110011111111111101000001010011011001111110101010110000001110011000010010101110001001111011000001110010010010101000010101001
10101010111110111000001111011100111101111010100010010101000001110010000001110101000000000100001110101011001110010001000101000001011100110101011011010001000111011000010011110001010111010101111000001010
10100011110010101111111000000010001000111010111000110101111111100111010110000101101111111101111100101000100100110101011111011111010110000101010001011111101010010011110110100101110100000100001011111010
10111110000110000100010011101011101010000010001110110100001000101111010110111100100100001001100001100110110101100101000001000001010111110100011111010001001010110110000000101100000111111101011000100010
00000010101110110001000110101110101111111001100100100110110010101000011100111001110001100010001111110010010000101101111100111101110000011101100011001100011010100011101011001111111100001101001010101110
01111000100010011111111100100100100010001101110101101110100110111010110001000011011110111110110000001011011111101101100010001100010101000101001001100110110010111000001110010000110001101001101010101010
01000111111011110000000001110001111010100100000001101100101000001010110111011000001010101100010110101000010001101100001011100011000101010100011101110010000110001111100100110110010111101100101100101000
01010010001000010111101101011100101010110011111100100001101111100010100110001111100010001001010010111101100100100011111110111000111101010111111101111011110001100000101101010111010010000111100101001010
01011010100111010000101101001110001010111010001110111100100110111010101100101000111010101011001110000000001101101000000000011010000101010000011000100000111101111110101001010001011001110000110111011010
00010010110100001110101101100001101010001001101000001110110010000011001001101010001000101010100010111111110001001111111101001111110011011111001010011110000100100010110011000100111101011110100100010010
11110111000111100010100100001101001011011100100011110000001001111100011011101011101111110010111010001000111110011101000101100000011011000101101011011011101110111010100110011110000100010100001101111110
00010111010000011010110011111001011011000110101110100111111100001001110001100011001000100110001001100110011000100001010100111111011001110001101001001000100010001010001000110001110111010101110000001100
01110011011111011001101000100011010001010010100010101100000111011011011100011001011010001111011101110111010011111011010110001010010100011111001111101110111011100011111011110100110010010000011111100001
00001000010010010100101010111010011100011110101000100101111000010010001111010101011011110000011001100100010100001010010100101000110111000001010001001000110011011001011110000110000110111111001101111100
10111111111010110110001110001010100011111000101111110100011011100111100001010111010010000110110010001101010101011010110111101101110101111101010100010011000101011101010000111111110010011000100100000010
00100001000010110100100100101110101010010010110001110101001001001000111101010000010111111110110110111101010101000010110000100100010100010101010111110110011101000001000111100000011011000110110101011110
01101100110110110111110110101000101000110110100100000101101100011010001101010111010011000110110010000001110101111110001110110111010101000101010001000010110101011111101100101111000011110010000101001100
00101110010000100000010010101011101011000010101111111101101111111011100101010001011001010000001011111110000101000111100110010001000101110101011100111000100001001011101001101000111000001001111101100101
10001001000111101101111001100010001001111011001000000101101100000001110001011101001100010111111000111100111100010000010011001101111000010101000110111101111011101000001100001010101111101100101001110001
00111101011110000100011101110110111100100000011101010101100001101100111111000101100111110011000110000001110110110111011011100101000011100101110010000100000010101111011111111010100000100110001011001110
01100001110001111101000100010110000010011111100001010101001111101010000001011000111100011001010011111011000100111111010010010001011110101100001010110111111010100101000100001010111110110011101001101110
01101100100100000101101110110010111111000000101111001101111000101011111100001011100001000011011000001010010110100000010111010110010000100010111010110100011010110001010001101010010010100110001100100000
00001110001111110011101100101010100000011110100101100101100010100011000101111000101111111110011111101000110010101111100111000100110110101010110011000101001000111011010100101001000110001100101110101110
11101000111010111000001001101010110111110110110100010000101010111110010100001110001000001000100000101111101011001010001000011001010100101010010100010101111110001001110110100101110100111001100010001100
00101111100010001111011010101010110100010100110101111111101110000000110110111011110011101101111011100001101010011000111111110011010101110011000101111100001011101100010111110100010111100010001111111001
01100100001001100101010010100010010101010101100100000000100001111111110010000000100111100100001001111101000000110010110001000101000101110111111101000001100010001111011000110111010001001011111000110010
01110101111100110100010110101111110111000001101111101011111101000000001010111111001100010111101100110101111111110110100101011101011100100010000101011111110110111001011010010101001100011010000010010110
00010101000110110001100010001000110000111011001000001000001001010111111010100001011001010001101010000100110001110111001100010001010110101110110001011000100000000011001011000001100111110100111111010010
01100101110010011101001110111010100110011011011010101111110011010110001011101011010011011100001010110110000100110011010111100101010010100000111011110010111111111101101001111100010000110101101000011000
00101100111011000111010000100010101111001100011010101100000100010000101000101010010101001111111000010000111110011000010100001100011010011110001000000110000110000101101100000111011110000100100011000110
10101010001000101100010111001110100011100001100010101001111101111111101110101000110101100010000111111110100011000110110001111011011011010000101101111111110000110001100111110001010001101110101100011110
00101011101011100001110111011100101100011011011110110010000101000100100010101110110101111010110110000110101001110100110110001011110001001111111101000000111110111101010000111101100101001000100101110000
01101000101000001111000110011001101101011011010000110111101100010110111010100010010001000010010000110011001100110101000110100000000111100100001101010111000010100001010110000101101101011011110101100111
01101110101011111000011100100010001001011001000110010001101111110110001000101011111101011011011111111000011010100111011000110101111100010001101001010100010110101100010011101100000101010000100100101110
00001000101010000111010001101111111011000101101111011101000000010001101111101000110101001011010001111111111010101100011111100101000001011111101011100101110100100111011110100111111101011110101110100000
01111011101100110001000110100010001011110100001000011001110101111101101000001010100101101010000110000111100010100001100000001101101101000001101010001101000111110001000000110001000001010000101100111110
01000010001001111101111010111000100010000011111011110010000100000100100011111010001101101010101110110000001000111111101101111101101001011100101000111001011110001101011110001100110111000111100101110100
01110110101011000100011010000011111111101001100010000111101111110110111110001100100100101110101000101111111111100010000100110001101111000111100111100011010000101101000001111110110001111110110100010101
00100100101000110111001000111110000100001100101110111100001000010010001100101001101110101000110011101000010000001011111110010111000000110000010011001111011110100001111111000000100100010000110011010100
10101101101010000000101111111000110011111110111000100011110010110111100101101011111000101011100110101011000110101010001011010100011111111111011001011000000010111100100010011111101111000110011001000110
10101100111110111110101000110011111000000100000011101001100110100000110100100000100010100000101110001010101100101000101000011001100000000101000101000111111010001111101000100010101011111111000101101100
00001010000100100011101010010110000111110111111100001100001100001111000110101111001111110111001000101010100110101111100011100010001011110101010101010010001010100000101111111000101000010001011101001001
11101011110001101010001011000100111100010000001001111111010001011100011110100010011100011100011011100010110010111000011110001111111010010001011101011010100011111101101100000010101101110100001001111010
00100010011111101000101011111001111001011111101101000000011111010001101100011100111001000110110010011110001001100011000000110001000010111011000101001010101110000101000001111110101101000110111011100010
10111011000101001101101001001011000011010111100101101111100010010110101001011001100011110000100111011000111101101101111111110101101110101011110001101011100000110101111110001010100001101000100011001110
10001011010001010101101101100001101111010000010101001100001011110110100011001011101100011111101000000010110001101101000100000100101000001000111111101000011111110001000010100010111101001011001100011010
00100011011011010101001001110101001011000111010101011001111001100100101111101011101101000101001111101110100100100100010001101110100111101110010001001011010000011101101110111010001111011011011101100010
01111110010010010001110010000101011000111011010011000011000101001101101000100001001001110100010000001000101111110011010111101000110100000011001100011111010111001000100000100011101000010001011101101010
00110110110110110111000110110100000110101010011011111001110100010001000010111111011011010001111101101111100001111001111100001010100101111001100111110001010101101110001111110100101101010101001101101000
10100100010110111100011010100111110010100010111000010101100111110110011111100001011001011111011001111000011100001100000101111011101101011101110010000100010100000110110000010101100101111111101001101101
00101101010100110001111010111000001000001100001011010101001000000100111000001101001101000000010011000011000011100111110001101000001001000100001000111101100111110011111101110100010100010000101010000100
01101101110101100110001000110010111111100101101001010101011010110101010011111001101100110111010111011011111011101100011110001111111011011111101110101001101000001001000100010111010111000110100010110110
00101001000101001000100111000110110000110100101111010000001110011101010110010010101010110100000001011010001000001001000010101100000010000100001011100011001011101101010111000010010000110110111111100010
10100011011101011011110010011100100110010110110000010111100011000001010110110110101010010111111101001100100111101011111000100101111110101101111000001110011010101100010011111000111110110100000010001110
00101101000100010010001000110101101111110100010111111101111010011110010010000000101011010001011001100001110000101000111101110100000110101000110011101000101000100111111000011111000010110111111000101100
01100101101111110100101110010101101100010101110100000100100010111010111001111110101011011101010011111110001011101111000001111111110010101110010100001011101110110000011111000001011010011100001101111001
01010001101001000101101001010000100001000101100101110110101110000010001100100100001000010001010110001000101001000000011110001000011010100001000111101010000100111101001000111101001011000101100001000011
01011101100011010001101101001110011011111101001101010010000001111001101110110001011101110111000001101011101101111111010010101011010010101101111000101010111101000101101010110001101001110101111111011111
01010000010111011110000001100101001000000101011101011011111100001101101000100111010000000101011100100001000101000011000110100011000110111101000010101010011001011101000010010111101100010001101000010001
00010111110111011010111111110101101111111001001000010011000011100100001011111110001111111100000110111101010101011001111000111000101110100001101010110011010011011001011111110001001001010111001011100100
11010000100110001000100011100100100100001011100011110100011011110111111011000100100100001101111000000101010100010101000011101111100011001100101010000100000111010011000100011011011011111100011000101110
01011110101100100111001000001001110111011011111101100101111001000010000010010111111101100101000111110011010111110100011110001000101000011111100111111111110111010110101101000011010000000001111110101010
01010100101101110100011111111010100100010000011101001101000100011011011100110100011000010111010000011011010100000111100000101010111111000000010000010100010000010110100101111110011111110111100000101000
00010001100000111101110110000010101101100111001101011101010111111011010001100001001011110010011111011000010001011000101011101010000000111111011111010001001111010000111100010000100000010100001111101110
01110111111110010001000100111010000100001000101001010000010010001000011010111111100010001000110101000111010101000110001010001011111011100011000010011011101011111110000011010111111110110101111000100100
01010000000011110111010101100010111101011110100011001110111110101111110010100011111111101111110001110011110111110010110010110010100010001001111100101011100010000010111010000100000000110001100010110110
00010111111100010001010101101010100001010000111000100010010000100011000110101001110000000000010100011000100100011011110111110110101010111100011001101000011000111010101011111110111110001111001110100010
10110100000001011011010101001010101110011010001010111001110111111000011110101100000111111111010101010010111001010000000100000000101010000011010011000011011111101010101001000010000011111001011010101001
10001101111111011010010001011100100100100011101010101100110110000111100010100101010111000001110101011010000011011111111101111101101011111010000100010100001100001010001100011110111000000011011010101101
01100101110110010010111110010001111101101100001100101010010010110101101010110101010110011100000110001111111111001010000101001101000110000011111111110101101001101001111111000000000111011000001010011100
01110000000100110110101000110111010001001001100101101011011010010001001010000111010010111111111000100100000000100010101101100001110110111110000000010111101011000100100011110111111101001111111011000110
00011111111001000110101010110011000110011010110101000001001011011100011001111100011110001000001011110110111010111010100101111111000110110100111101011100001001110110001000010001000001100000100011010000
01000000110011011000001010001000011110111110110101010111101010000111111100000101100001100011110010010100011010001000110101110000010010010001100001001001111100010111111111001101011100101110011001111110
01111110100100001111101001111111110000100010000101011100001011110000000111110100001101111011000110110101001011011111110001100111111011001110101111100010001101110100000101100101010110101011010100000010
10001000101101101100001100000011000111001011111101010001101001001110111000010110111100100010011110110101101011110000001110001000001000100010101000011111100001100101110000010111010010101000010101111000
00100010101001100011100111111000011100011000010000010101111101101000110010110100100010001110110010000100101001000101111000101110100111111000101011000000011111001100001011110001000110101011110000111111
01111011101011011001010010000101010001111110110111110111000100001011100110110101101010111000100110111110100111011100010011101100110001000110001011111111010110011111101000001100110010110011100110000000
00100010001011011101011010110101010110000010100100010000010111100010001111100101101011100011101100000100110011000010110110001001111100011111111000000011000100100000101110111110011010000100001111111110
10101110101000011001010010010101100100111010001101001110110001111111011110001100101100001100000111110101011000111010100011110011100011000000001011111010110001111110100010011111011011111101111000000110
00101000111011110011010111001100101101100010110101100110100100010001010000111110001101110101110100010111011110101010101010000111001000111111101010001010111100110000111011000000010000010000100011110100
01111011000000100111010001100010101001101011110100110011101111000101000111000001101000010101000110110100010000001010101000111000011110010000100011100010001110000110001000111111111111001111101111000101
00010010011111001001011100001010001110001000000110101000001001110101011111011111101011100101101110100101010101110010111111101011110011010110011100001010100011010111111110000100000011101000000001010101
01000110100000011011000011101011111100111110111100101111111101100110010011000000001001001101000100101101011100000110000100001010000110010111001001111110101000011100011011110101101001100011011101011101
01111000111110100010011001001110000001000010011001101000010000101110111000111111111101011101110001101101000011111110110001011010111110110001100011100011101011101001001000110101001100011001010111000100
00101111000000101000111111010000111111110111001011100011000110000010001010100000100001000000001111100101111000001110011011000010000110101101110100001000111011101011100110100110010101011111010001010010
10001100011111101111100000010111111100000101101000101111110111111111100010101110001111011110111000010001001111100001110001111110110010101101000111011010001000001000110010101100110111011000110101011010
11101001111000101000001111110101111001110001101110111100011100010000111110001011110001000010010011011111100001111101000111000100001010001100111000001111101111111110111000101101110000001010000101111010
0000001000001000001110000000010000001000010000001000000100000100011000000010100000010001101100010000000000110000000001100001000110100010001000001110000010000000000000011000000100011110001011010000001B
