00000000000000000000000000000000000000000000000000000000000000000000000011111111110000000000000000000000000000000000000000000000000000000000000000000000000000000000000000000000000000000000000000000000
00000000000000000000000000000000000000000000000000000000000000000001111100000000000000000000000000000000000000000000000000000000000000000000000000000000000000000000000000000000000000000000000000000000
00000000000000000000000000000000000000000000000000000000000000000011000000000000000000000000000000000000000000000000000000000000000000000000000000000000000000000000000000000000000000000000000000000000
00000000000000000000000000000000000000000000000000000000000000000100000000000000000000000000000000000000000000000000000000000000000000000000000000000000000000000000000000000000000000000000000000000000
00000000000000000000000000000000000000000000000000000000000000001100000000000000000000000000000000000000000000000000000000000000000000000000000000000000000000000000000000000001100000000000000000000000
00000000000000000000000000000000000000000000000000000000000000010000000000000000000000000000000000000000000000000000000000000000000000000000000000000000000000000000000000000001000000000000000000000000
00000000001110000000000000000000000000000000000000000000000001100000000000000000000000000000000000000000000000000000000000000011111111111111110000000000000000000000000000000010000000000000000000000000
00000000000001110000000000000000000000000000000000000000000001000000000000000000000000000000000000000000000000000000000000111100000000000000011110000000000000000000000000000110000000000000000000000000
00000000000000001100000000000000000000000000000000000000000000000000000000000000000000000000000000000000000000000000000000000000000000000000000011100000000000000000000000000100000000000000000000010000
00000000000000000011110000000000000000000000000000000000000000000000000000000000000000000000000000000000000000000000000000000000000000000000000000110000000000000000000000001100000000000000000000010000
00000000000000000000001111000000000000000000000000000000000000000000000000000000000000000000000000000000000000000000000000000000000000000000000000011000000000000000000000001000000000000000000000010000
00000000000000000000000001111000000000000000000000000000000000000000000000000000000000000000000000000000000000000000000011111000000000000000000000001100000000000000000000010000000000000000000000010000
00000000000000000000000000000111111111000000000000000000000000000000000000000000000000000000000000000000000000000000111100000000000000000000000000000100000000000000000000010000000000000000000000110000
00000000000000000000000000000000000000111111111111111111000000000000000000000000000000000000000000000000000000001111000000000000000000000000000000000100000000000000000000100000000000000000000000100000
00000000000000000000000000000000000000000000000000000000111111000000000000000000000000000000000000000000000000111000000000000000000000000000000000000110000000000000000000100000000000000000000001100000
00000000000000000000000000000000000000000000000000000000000000111111110000000000000000000000000000000000000011100000000000000000000000000000000000000010000000000000000001100000000000000000000001000000
00000000000000000000000000000000000000000000000000000000000000000000001111111111111111111111111111111111111110000000000000000000000000000000000000000010000000000000000001000000000000000000000001000000
00000000000000000000000000000000000000000000000000000000000000000000000000000000000000000000000000000000000000000000000000000000000000000000000000000010000000000000000001000000000000000000000001000000
00000000000000000000000000000000000000000000000000000000000000000000000000000000000000000000000000000000000000000000000000000000000000000000000000000010000000000000000001000000000000000000000010000000
00000000000000000000000000000000000000000000000000000000000000000000000000000000000000000000000000000000000000000000000000000000000000000000000000000010000000000000000001000000000000000000000010000000
00000000000000000000000000000000000000000000000000000000000000000000000000000000000000000000000000000000000000000000000000000000000000000000000000000010000000000000000001000000000000000000000010000000
00000000000000000000000000000000000000000000000000000000000000000000000000000000000000000000000000000000000000000000000000000000000000000000000000000010000000000000000001000000000000000000000110000000
00000000000000000000000000000100000000000000000000000000000000000000000000000000000000000000000000000000000000000000000000000000000000000000000000000100000000000000000001000000000000000000000100000000
00000000000000000000000000001100000000000000000000000000000000000000000000000000000000000000000000000000000000000000000000000000000000000000000000000100000000000000000001000000000000000000000100000000
00000000000000000000000000011000000000000000000000000000000000000000000000000000000000000000000000000000000000000000000000000000000000000000000000000100000000000000000001000000000000000000001100000000
00000000000000000000000000110000000000000000000000000000000000000000000000000000000000000000000000000000000000000000000000000000000000000000000000001000000000000000000000100000000000000000001000000000
00000000000000000000000001100000000000000000000000000000000000000000000000000000000000000000000000000000000000000000000000000000000000000000000000001000000000000000000000100000000000000000001000000000
00000000000000000000000011000000000000000000000000000000000000000000000000000000000000000000000000000000000000000000000000000000000000000000000000010000000000000000000000010000000000000000011000000000
00000000000000000000000010000000000000000000000000000000000000000000000000000000000000000000000000000000000000000000000000000000000000000000000000010000000000000000000000011000000000000000010000000000
00000000000000000000000100000000000000000000000000000000000000000000000000000000000000000000000000000000000000000000000000000000000000000000000000100000000000000000000000001000000000000000110000000000
00000000000000000000001100000000000000000000000000000000000000000000000000000000000000000000000000000000000000000000000000000000000000000000000001000000000000000000000000000100000000000000100000000000
0000000000000000000001100000000000000000000000000000000000000000000000000000000000000000000000000000000000000000000000000000000000000000000000001000000000000000000000000000011000000A000001100000000000
00000000000000000000010000000000000000000000000000000000000000000000000000000000000000000000000000000000000000000000000000000000000000000000000100000000000000000000000000000011000000000011000000000000
00000000000000000001100000000000000000000000000000000000000000000000000000000000000000000000000000000000000000000000000000000000000000000000001000000000000000000000000000000000110000000110000000000000
00000000000000000001000000000000000000000000000000000000000000000000000000000000000000000000000000000000000000000000000000000000000000000000010000000000000000000000000000000000011111111100000000000000
00000000000000000010000000000000000000000000000000000000000000000000000000000000000000000000000000000000000000000000000000000000000000000000100000000000000000000000000000000000000000000000000000000000
00000000000000000100000000000000000000000000000000000000000000000000000000000000000000000000000000000000000000000000000000000000000000000001000000000000000000000000000000000000000000000000000000000000
00000000000000011000000000000000000000000000000000000000000000000000000000000000000000000000000000000000000000000000000000000000000000000010000000000000000000000000000000000000000000000000000000000000
00000000000000110000000000000000000000000000000000000000000000000000000000000000000000000000000000000000000000000000000000000000000000001100000000000000000000000000000000000000000000000000000000000000
00000000000001000000000000000000000000000000000000000000000000000000000000000000000000000000011100000000000000000000000000000000000000010000000000000000000000000000000000000000000000000000000000000000
00000000000110000000000000000000000000000000000000000000000000000000000000000000000000000011100000000000000000000000000000000000000000100000000000000000000000000000000000000000000000000000000000000000
00000000001100000000000000000000000000000000000000000000000000000000000000000000000000001100000000000000000000000000000000000000000011000000000000000000000000000000000000000000000000000000000000000000
00000000010000000000010000000000000000000000000000000000000000000000000000000000000000110000000000000000000000000000000000000000000100000000000000000000000000000000000000000000000000000000000000000000
00000001100000000000010000000000000000000000000000000000000000000000000000000000000011000000000000000000000000000000000000000000011000000000000000000000000000000000000000000000000000000000000000000000
00000011000000000000010000000000000000000000000000000000000000000000000000000000000100000000000000000000000000000000000000000000100000000000000000000000000000000000000000000000000000000000000000000000
00000110000000000000010000000000000000000000000000000000000000000000000000000000011000000000000000000000000000000000000000000001000000000000000000000000000000000000000000000000000000000000000000000000
00000100000000000000010000000000000000000000000000000000000000000000000000000000100000000000000000000000000000000000000000000110000000000000000000000000000000000000000000000000000000000000000000000000
00000100000000000000010000000000000000000000000000000000000000000000000000000001000000000000000000000000000000000000000000011000000000000000000000000000000000000000000000000000000000000000000000000000
00000110000000000000001000000000000000000000000000000000000000000000000000000110000000000000000000000000000000000000000000100000000000000000000000000000000000000000000000000000000000000000000000000000
00000010000000000000001000000000000000000000000000000000000000000000000000001000000000000000000000000000000000000000000011000000000000000000000000000000000000000000000000000000000000000000000000000000
00000011000000000000001000000000000000000000000000000000000000000000000000010000000000000000000000000000000000000000001100000000000000000000000000000000000000000000000000000000000000000000000000000000
00000001000000000000001000000000000000000000000000000000000000000000000001100000000000000000000000000000000000000001110000000000000000000000000000000000000000000000000000000000000000000000000000000000
00000001100000000000001000000000000000000000000000000000000000000000000110000000000000000000000000000000000000000010000000000000000000000000000000000000000000000000000000000000000000000000000000000000
00000000100000000000000100000000000000000000000000000000000000000000011000000000000000000000000000000000000000000100000000000000000000000000000000000000000000000000000000000000000000000000000000000000
00000000110000000000000100000000000000000000000000000000000000000000100000000000000000000000000000000000000000000100000000000000000000000000000000000000000000000000000000000000000000000000000000000000
00000000010000000000000100000000000000000000000000000000000000000011000000000000000000000000000000000000000000001000000000000000000000000000000000000000000000000000000000000000000000000000000000000111
00000000011000000000000100000000000000000000000000000000000000001100000000000000000000000000000000000000000000010000000000000000000000000000000000000000000000000000000000000000000000000000000011111000
00000000001000000000000100000000000000000000000000000000000000110000000000000000000000000100000000000000000000100000000000000000000000000000000000000000000000000000000000000000111111111111111100000000
00000000001100000000000010000000000000000000000000000000000001000000000000000000000000000100000000000000000001000000000000000000000000000000000000000000000000000011111111111111000000000000000000000000
00000000000100000000000010000000000000000000000000000000000110000000000000000000000000001100000000000000000001000000000000000000000000000000000000000000000000011100000000000000000000000000000000000000
00000000000000000000000010000000000000000000000000000000001000000000000000000000000000011000000000000000000110000000000000000000000000000000000000000000000011100000000000000000000000000000000000000000
00000000000000000000000010000000000000000000000000000000010000000000000000000000000000110000000000000000000100000000000000000000000000000000000000000000001110000000000000000000000000000000000000000000
00000000000000000000000010000000000000000000000000000000100000000000000000000000000001000000000000000000001100000000000000000000000000000000000000000011110000000000000000000000000000000000000000000000
00000000000000000000000010000000000000000000000000000011000000000000000000000000000110000000000000000000010000000000000000000000000000000000000000111100000000000000000000000000000000000000000000000000
00000000000000000000000001000000000000000000000000001100000000000000000000000000001100000000000000000000100000000000000000000000000000000000000111100000000000000000000000000000000000000000000000000000
00000000000000000000000001000000000000000000000000010000000000000000000000000000111000000000000000000001000000000000000000000000000000000000000100000000000000000000000000000000000000000000000000000000
00000000000000000000000001000000000000000000000001100000000000000000000000000011000000000000000000000110000000000000000000000000000000000000000000000000000000000000000000000000000000000000000000000000
00000000000000000000000001000000000000000000000010000000000000000000000000000110000000000000000000000100000000000000000000000000000000000000000000000000000000000000000000000000000000000000000000000000
00000000000000000000000001000000000000000000000100000000000000000000000000011000000000000000000000001000000000000000000000000000000000000000000000000000000000000000000000000000000000000000000000000000
00000000000000000000000001000000000000000000001000000000000000000000000001100000000000000000000000010000000000000000000000000000000000000000000000000000000000000000000000000000000000000000000000000000
00000000000000000000000000100000000000000000110000000000000000000000000011000000000000000000000000100000000000000000000000000000000000000000000000000000000000000000000000000000000000000000000000000000
00000000000000000000000000100000000000000001000000000000000000000000000100000000000000000000000001000000000000000000000000000000000000000000000000000000000000000000000000000000000000000000000000000000
00000000000000000000000000100000000000000011000000000000000000000000011000000000000000000000000010000000000000000000000000000000000000000000000000000000000000000000000000000000000000000000000000000000
00000000000000000000000000100000000000000010000000000000000000000000110000000000000000000000000100000000000000000000000000000000000000000000000000000000000000000000000000000000000000000000000000000000
00000000000000000000000000100000000000000100000000000000000000000001100000000000000000000000001000000000000000000000000000000000000000000000000000000000000000000000000000000000000000000000000000000000
00000000000000000000000000100000000000000100000000000000000000000110000000000000000000000000010000000000000000000000000000000000000000000000000000000000000000000000000000000000000000000000000000000000
00000000000000000000000000100000000000000100000000000000000000001100000000000000000000000000100000000000000000000000000000000000000000000000000000000000000000000000000000000000000000000000000000000000
00000000000000000000000000100000000000000100000000000000000000001000000000000000000000000001000000000000000000000000000000000000000000000000000000000000000000000000000000000000000000000000000000000000
10000000000000000000000000100000000000000100000000000000000000001000000000000000000000000001000000000000000000000000000000000000000000000000000000000000000000000000000000000000000000000000000000000000
10000000000000000000000000100000000000000100000000000000000000001000000000000000000000000001000000000000000000000000000000000000000000000000000000000000000000000000000000000000000000000000000000000000
11000000000000000000000000100000000000000100000000000000000000000100000000000000000000000010000000000000000000000000000000000000000000000000000000000000000000000000000000000000000000000000000000000000
01100000000000000000000000100000000000000100000000000000000000000110000000000000000000000100000000000000000000000000000000000000000000000000000000000000000000000000000000000000000000000000000000000000
00110000000000000000000000100000000000000100000000000000000000000001000000000000000000001000000000000000000000000000000000000000000000000000000000000000000000000000000000000000000000001111111110000000
00011000000000000000000000010000000000000100000000000000000000000000110000000000000000110000000000000000000000000000000000000000000000000000000000000000000000000000000000000111111111110000000001100000
00001000000000000000000000010000000000000100000000000000000000000000011000000000000000100000000000000000000000000000000000000000000000000000000000000000000000000000000001111000000000000000000000110000
00000100000000000000000000010000000000000100000000000000000000000000001100000000000001000000000000000000000000000000000000000000000000000000000000000000000000000000011110000000000000000000000000001000
00000010000000000000000000010000000000000100000000000000000000000000000010000000001110000000000000000000000000000000000000000000000000000000000000000000000000000111100000000000000000000000000000001100
00000011000000000000000000010000000000000100000000000000000000000000000011000000000000000000000000000000000000000000000000000000000000000000000000000000000000111000000000000000000000000000000000000100
00000001100000000000000000010000000000000100000000000000000000000000000001100000000000000000000000000000000000000000000000000000000000000000000000000000000111000000000000000000000000000000000000000010
00000000100000000000000000010000000000000010000000000000000000000000000000100000000000000000000000000000000000000000000000000000000000000000000000000001111000000000000000000000000000000000000000000010
00000000010000000000000000010000000000000010000000000000000000000000000000100000000000000000000000000000000000001100000000000000000000000000000000000110000000000000000000000000000000000000000000000001
00000000010000000000000000010000000000000010000000000000000000000000000000100000000000000000000000000000000011110000000000000000000000000000000000000100000000000000000000000000000000000000000000000001
00000000011000000000000000010000000000000010000000000000000000000000000000100000000000000000000000000000001110000000000000000000000000000000000000000000000000000000000000000000000000000000000000000001
00000000001000000000000000010000000000000001000000000000000000000000000000100000000000000000000000000000011000000000000000000000000000000000000000000000000000000000000000000000000000000000000000000001
00000000001100000000000000010000000000000001000000000000000000000000000000100000000000000000000000000000010000000000000000000000000000000000000000000000000000000000000000000000000000000000000000000000
00000000000100000000000000010000000000000001000000000000000000000011111111100000000000000000000000000000110000000000000000000000000000000000000000000000000000000000000000000000000000000000000000000000
00000000000110000000000000010000000000000000100000000000000000000110000000000000000000000000000000000000100000000000000000000000000000000000000000000000000000000000000000000000000000000000000000000000
00000000000010000000000000001000000000000000100000000000000000001100000000000000000000000000000000000000100000000000000000000000000000000000000000000000000000000000000000000000000000000000000000000000
00000000000000000000000000001000000000000000100000000000000000010000000000000000000000000000000000000000100000000000000000000000000000000000000000000000000000000000000000000000000000000000000000000000
00000000000000000000000000001000000000000000100000000000000000010000000000000000000000000000000000000000100000000000000000000000000000000000000000000000000000000000000000000000000000000000000000000000
00000000000000000000000000001000000000000000010000000000000000010000000000000000000000000000000000000000100000000000000000000000000000000000000000000000000000000000000000000000000000000000000000000000
00000000000000000000000000001000000000000000010000000000000000010000000000000000000000000000000000000000110000000000000000000000000000000000000000000000000000000000000000000000000000000000000000000000
00000000000000000000000000001000000000000000010000000000000000011000000000000000000000000000000000000000010000000000000000000000000000000000000000000000000000000000000000000000000000000000000000000000
00000000000000000000000000001000000000000000001000000000000000001000000000000000000000000000000000000000010000000000000000000000000000000000000000000000000000000000000000000000000000000000000000000000
00000000000000000000000000001000000000000000001000000000000000001100000000000000000000000000000000000000011000000000000000000000000000000000000000000000000000000000000000000000000000000000000000000000
00000000000000000000000000000100000000000000001000000000000000000110000000000000000000000000000000000000001000000000000000000000000000000000000000000000000000000010000000000000000000000000000000000000
00000000000000000000000000000100000000000000001000000000000000000010000000000000000000000000000000000000001000000000000000000000000000000000000000000000000000000100000000000000000000000000000000000000
00000000000000000000000000000100000000000000000100000000000000000001000000000000000000000000000000000000001000000000000000000000000000000000000000000000000000011000000000000000000000000000000000000001
00000000000000000000000000000100000000000000000100000000000000000001100000000000000000000000000000000000001000000000000000000000000000000000000000000000000001100000000000000000000000000000000000000001
00000000000000000000000000000100000000000000000100000000000000000000110000000000000000000000000000000000001000000000000000000000000000000000000000000000000110000000000000000000000000000000000000000001
00000000000000000000000000000100000000000000000100000000000000000000001000000000000000000000000000000000001000000000000000000000000000000000000000000000011000000000000000000000000000000000000000000001
00000000000000000000000000000010000000000000000010000000000000000000000110000000000000000000000000000000010000000000000000000000000000000000000000000011100000000000000000000000000000000000000000000001
00000000000000000000000000000010000000000000000010000000000000000000000011000000000000000000000000000000100000000000000000000000000000000000000000011100000000000000000000000000000000000000000000000001
00000000000000000000000000000010000000000000000010000000000000000000000001100000000000000000000000000011000000000000000000000000000000000000000001100000000000000000000000000000000000000000000000000001
00000000000000000000000000000010000000000000000010000000000000000000000000011000000000000000000000000110000000000000000000000000000000000000000010000000000000000000000000000000000000000000000000000001
00000000000000000000000000000010000000000000000010000000000000000000000000000111100000000000000001111000000000000000000000000000000000000000001100000000000000000000000000000000000000000000000000000010
00000000000000000000000000000010000000000000000010000000000000000000000000000000111110000001111110000000000000000000000000000000000000000000110000000000000000000000000000000000000000000000000000000010
00000000000000000000000000000010000000000000000001000000000000000000000000000000000001111111000000000000000000000000000000000000000000000011000000000000000000000000000000000000000000000000000000000100
00000000000000000000000000000001000000000000000001000000000000000000000000000000000000000000000000000000000000000000000000000000000000011100000000000000000000000000000000000000000000000000000000000100
00000000000000000000000000000001000000000000000001000000000000000000000000000000000000000000000000000000000000000000000000000000000001100000000000000000000000000000000000000000000000000000000000000100
00000000000000000000000000000001000000000000000001000000000000000000000000000000000000000000000000000000000000000000000000000000001110000000000000000000000000000000000000000000000000000000000000001000
00000000000000000000000000000001000000000000000001000000000000000000000000000000000000000000000000000000000000000000000000000001110000000000000000000000000000000000000000000000000000000000000000001000
00000000000000000000000000000000100000000000000001000000000000000000000000000000000000000000000000000000000000000000000000001110000000000000000000000000000000000000000000000000000000000000000000010000
00000000000000000000000000000000100000000000000000100000000000000000000000000000000000000000000000000000000000000000000001110000000000000000000000000000000000000000000000000000000000000000000000010000
00000000000000000000000000000000100000000000000000100000000000000000000000000000000000000000000000000000000000000000001110000000000000000000000000000000000000000000000000000000000000000000000000100000
00000000000000000000000000000000100000000000000000100000000000000000000000000000000000000000000000000000000000000011110000000000000000000000000000000000000000000000000000000000000000000000000001000000
00000000000000000000000000000000010000000000000000100000000000000000000000000000000000000000000000000000000000001100000000000000000000000000000000000000000000000000000000000000000000000000000011000000
00000000000000000000000000000000010000000000000000010000000000000000000000000000000000000000000000000000000000110000000000000000000000000000000000000000000000000000000000000000000000000000000010000000
00000000000000000000000000000000010000000000000000010000000000000000000000000000000000000000000000000000000011000000000000000000000000000000000000000000000000000000000000000000000000000000000110000000
00000000000000000000000000000000001000000000000000001110000000000000000000000000000000000000000000000000001100000000000000000000000000000000000000000000000000000000000000000000000000000000000100000000
00000000000000000000000000000000001000000000000000000001111110000000000000000000000000000000000000011111110000000000000000000000000000000000000000000000000000000000000000000000000000000000001000000000
00000000000000000000000000000000000100000000000000000000000001111111000000000000000000000000000111100000000000000000000000000000000000000000000000000000000000000000000000000000000000000000010000000000
00000000000000000000000000000000000100000000000000000000000000000000111111111111111111111111111000000000000000000000000000000000000000000000000000000000000000000000000000000000000000000000100000000000
00000000000000000000100000000000000100000000000000000000000000000000000000000000000000000000000000000000000000000000000000000000000000000000000000000000000000000000000000000000000000000001000000000000
00000000000000000000111000000000000010000000000000000000000000000000000000000000000000000000000000000000000000000000000000000000000000000000000000000000000000000000000000000000000000000110000000000000
00000000000000000000001100000000000010000000000000000000000000000000000000000000000000000000000000000000000000000000000000000000000000000000000000000000000000000000000000000000000000011000000000000000
00000000000000000000000110000000000001000000000000000000000000000000000000000000000000000000000000000000000000000000000000000000000000000000000000000000000000000000000000000000000000110000000000000000
00000000000000000000000011000000000000100000000000000000000000000000000000000000000000000000000000000000000000000000000000000000000000000000000000000000000000000000000000000000000011000000000000000000
00000000000000000000000001000000000000100000000000000000000000000000000000000000000000000000000000000000000000000000000000000000000000000000000000000000000000000000000000000000001100000000000000000000
00000000000000000000000000100000000000010000000000000000000000000000000000000000000000000000000000000000000000000000000000000000000000000000000000000000000000000000000000000000111000000000000000000000
00000000000000000000000000010000000000001000000000000000000000000000000000000000000000000000000000000000000000000000000000000000000000000000000000000000000000000000000000000001000000000000000000000000
00000000000000000000000000011000000000000100000000000000000000000000000000000000000000000000000000000000000000000000000000000000000000000000000000000000000000000000000000000110000000000000000000000000
00000000000000000000000000001000000000000010000000000000000000000000000000000000000000000000000000000000000000000000000000000000000000000000000000000000000000000000000000011000000000000000000000000000
00000000000000000000000000001100000000000011000000000000000000000000000000000000000000000000000000000000000000000000000000000000000000000000000000000000000000000000000000110000000000000000000000000000
00000000000000000000000000000010000000000001000000000000000000000000000000000000000000000000000000000000000000000000000000000000000000000000000000000000000000000000000111000000000000000000000000000000
00000000000000000000000000000001000000000000100000000000000000000000000000000000000000000000000000000000000000000000000000000000000000000000000000000000000000000000011100000000000000000000000000000000
00000000000000000000000000000001000000000000011000000000000000000000000000000000000000000000000000000000000000000000000000000000000000000000000000000000000000000000110000000000000000000000000000000000
00000000000000000000000000000000110000000000000100000000000000000000000000000000000000000000000000000000000000000000000000000000000000000000000000000000000000000001000000000000000000000000000000000000
00000000000000000000000000000000001000000000000010000000000000000000000000000000000000000000000000000000000000000000000000000000000000000000000000000000000000000110000000000000000000000000000000000000
00000000000000000000000000000000001000000000000001100000000000000000000000000000000000000000000000000000000000000000000000000000000000000000000000000000000000011000000000000000000000000000000000000000
00000000000000000000000000000000000100000000000000011000000000000000000000000000000000000000000000000000000000000000000000000000000000000000000000000000000000010000000000000000000000000000000000000000
00000000000000000000000000000000000010000000000000000110000000000000000000000000000000000000000000000000000000000000000000000000000000000000000000000000000000100000000000000000000000000000000000000000
00000000000000000000000000000000000001000000000000000001100000000000000000000000000000000000000000000000000000000000000000000000000000000000000000000000000001000000000000000000000000000000000000000000
00000000000000000000000000000000000000100000000000000000011000000000000000000000000000000000000000000000000000000000000000000000000000000000000000000000000010000000000000000000000000000000000000000000
00000000000000000000000000000000000000010000000000000000000110000000000000000000000000000000000000000000000000000000000000000000000000000000000000000000000010000000000000000000000000000000000000000000
00000000000000000000000000000000000000001000000000000000000001110000000000000000000000000000000000000000000000000001100000000000000000000000000000000000001100000000000000000000000000000000000000000000
00000000000000000000000000000000000000000100000000000000000000001110000000000000000000000000000000000000000000000111000000000000000000000000000000000000010000000000000000000000000000000000000000000000
00000000000000000000000000000000000000000010000000000000000000000001111000000000000000000000000000000000000000111000000000000000000000000000000000000000100000000000000000000000000000000000000000000000
00000000000100000000000000000000000000000001000000000000000000000000000111000000000000000000000000000000000111100000000000000000000000000000000000000000100000000000000000000000000000000000000000000000
00000000000100000000000000000000000000000000100000000000000000000000000000111100000000000000000000000011111000000000000000000000000000000000000000000001000000000000000000000000000000000000000000000000
00000000001100000000000000000000000000000000010000000000000000000000000000000011111111111111111111111100000000000000000000000000000000000000000000000010000000000000000000000000000111110000000000000000
00000000011000000000000000000000000000000000001000000000000000000000000000000000000000000000000000000000000000000000000000000000000000000000000000001100000000000000000000000000111100001110000000000000
00000000110000000000000000000000000000000000000100000000000000000000000000000000000000000000000000000000000000000000000000000000000000000000000000001000000000000000000000000111000000000011000000000000
00000001100000000000000000000000000000000000000100000000000000000000000000000000000000000000000000000000000000000000000000000000000000000000000000010000000000000000000000111000000000000001100000000000
00000011000000000000000000000000000000000000000010000000000000000000000000000000000000000000000000000000000000000000000000000000000000000000000000100000000000000000000001100000000000000000100000000000
00001100000000000000000000000000000000000000000001100000000000000000000000000000000000000000000000000000000000000000000000000000000000000000000000100000000000000000000110000000000000000000110000000000
00001000000000000000000000000000000000000000000000010000000000000000000000000000000000000000000000000000000000000000000000000000000000000000000011000000000000000000001100000000000000000000010000000000
00001000000000000000000000000000000000000000000000010000000000000000000000000000000000000000000000000000000000000000000000000000000000000000000010000000000000000000011000000000000000000000010000000000
00001000000000000000000000000000000000000000000000001000000000000000000000000000000000000000000000000000000000000000000000000000000000000000000100000000000000000000100000000000000000000000011000000000
00000100000000000000000000000000000000000000000000000100000000000000000000000000000000000000000000000000000000000000000000000000000000000000001100000000000000000001000000000000000000000000001000000000
00000010000000000000000000000000000000000000000000000010000000000000000000000000000000000000000000000000000000000000000000000000000000000000001000000000000000000010000000000000000000000000001000000000
00000011000000000000000000000000000000000000000000000001000000000000000000000000000000000000000000000000000000000000000000000000000000000000010000000000000000000100000000000000000000000000001000000000
00000001000000000000000000000000000000000000000000000000100000000000000000000000000000000000000000000000000000000000000000000000000000000000100000000000000000001000000000000000000000000000001000000000
00000000100000000000000000111110000000000000000000000000010000000000000000000000000000000000000000000000000000000000000000000000000000000001100000000000000000110000000000000000000000000000001000000000
0000B000110000000000000001100000000000000000000000000000001000000000000000000000000000000000000000000000000000000000000000000000000000000001000000000000000001100000000000000000000000000000001000000000
00000000010000000000000011000000000000000000000000000000001100000000000000000000000000000000000000000000000000000000000000000000000000000010000000000000000011000000000000000000000000000000001000000000
00000000001000000000000010000000000000000000000000000000000010000000000000000000000000000000000000000000000000000000000000000000000000000110000000000000000110000000000000000000000000000000001000000000
00000000000100000000000100000000000000000000000000000000000001000000000000000000000000000000000000000000000000000000000000000000000100001100000000000000001100000000000000000000000000000000001000000000
00000000000100000000001100000000000000000000000000000000000000110000000000000000000000000000000000000000000000000000000000000000000100001000000000000000010000000000000000000000000000000000001000000000
00000000000100000000001000000000000000000000000000000000000000011000000000000000000000000000000000000000000000000000000000000000000010000000000000000000110000000000000000000000000000000000001000000000
00000000000100000000001000000000000000000000000000000000000000000100000000000000000000000000000000000000000000000000000000000000000011000000000000000001000000000000000000000000000000000000001000000000
00000000000100000000001000000000000000000000000000000000000000000010000000000000000000000000000000000000000000000000000000000000000001100000000000000010000000000000000000000000000000000000001000000000
00000000000100000000001000000000000000000000000000000000000000000001100000000000000000000000000000000000000000000000000000000000000000110000000000001100000000000000000000000000000000000000001000000000
00000000000100000000001000000000000000000000000000000000000000000000111000000000000000000000000000000000000000011110000000000000000000011000000000011000000000000000000000000000000000000000001000000000
00000000000100000000001000000000000000000000000000000000000000000000001110000000000000000000000000000000011111100000000000000000000000001100000001100000000000000000000000000000000000000000001000000000
00000000000100000000001000000000000000000000000000000000000000000000000001111100000000000000001111111111100000000000000000000000000000000011111110000000000000000000000000000000000000000000001000000000
00000000000100000000001000000000000000000000000000000000000000000000000000000111110000000000110000000000000000000000000000000000000000000000000000000000000000000000000000000000000000000000001000000000
00000000000100000000001000000000000000000000000000000000000000000000000000000000001111111111000000000000000000000000000000000000000000000000000000000000000000000000000000000000000000000000001000000000
00000000000100000000001000000000000000000000000000000000000000000000000000000000000000000000000000000000000000000000000000000000000000000000000000000000000000000000000000000000000000000000001000000000
00000000000100000000001000000000000000000000000000000000000000000000000000000000000000000000000000000000000000000000000000000000000000000000000000000000000000000000000000000000000000000000001000000000
00000000000100000000001000000000000000000000000000000000000000000000000000000000000000000000000000000000000000000000000000000000000000000000000000000000000000000000000000000000000000000000001000000000
00000000000000000000001000000000000000000000000000000000000000000000000000000000000000000000000000000000000000000000000000000000000000000000000000000000000000000000000000000000000000000000010000000000
00000000000000000000001000000000000000000000000000000000000000000000000000000000000000000000000000000000000000000000000000000000000000000000000000000000000000000000000000000000000000000000010000000000
00000000000000000000001000000000000000000000000000000000000000000000000000000000000000000000000000000000000000000000000000000000000000000000000000000000000000000000000000000000000000000000010000000000
00000000000000000000001000000000000000000000000000000000000000000000000000000000000000000000000000000000000000000000000000000000000000000000000000000000000000000000000000000000000000000000110000000000
00000000000000000000001000000000000000000000000000000000000000000000000000000000000000000000000000000000000000000000000000000000000000000000000000000000000000000000000000000000000000000000100000000000
00000000000000000000001000000000000000000000000000000000000000000000000000000000000000000000000000000000000000000000000000000000000000000000000000000000000000000000000000000000000000000000100000000000
00000000000000000000001000000000000000000000000000000000000000000000000000000000000000000000000000000000000000000000000000000000000000000000000000000000000000000000000000000000000000000000100000000000
00000000000000000000001000000000000000000000000000000000000000000000000000000000000000000000000000000000000000000000000000000000000000000000000000000000000000000000000000000000000000000000100000000000
00000000000000000000001000000000000000000000000000000000000000000000000000000000000000000000000000000000000000000000000000000000000000000000000000000000000000000000000000000000000000000001100000000000
