A001000000100010000000000100010101000000000001100010110000110111100000010001010000100001100010000010
1001101111101010111111101101000100011111111100001010001110010000001101000100010110001100101100111000
0100100001001000100010100001010101110110000110111000100011010111011001111111100011111010100001101110
0110101011011111101000101011010101000100110010100011111000010101001101000001101110001010001111101010
0000101010010000001011111001001100010001111010111110001011110100100101011100000000100011011000000010
1011111010100110101010001101100111111111110010110000101011000110110011000111111110111111010011010110
0010001010101110101100101111110000100011100110010111101001011110001011110100011111100010000111011100
0100100010001000111001100000110110001100001011000110001101001110101010000101000001001011111000010001
0101110111101111100011111110100101100001111011111100110001100110101000111001111100011000011011110101
0101010101101000001100010000101101011110000000100001110111010011001011100010001111111111001000010101
0100010100001101101101001101101001011110111111101110000001011000011111001110100001100001101111100100
0111011101110001111001100101101100011100010000100111101100011101111000011011111100011100101000001110
0011000000010110000011110001000011000001000101110001001111100001100011111000100001000001100011111000
1000111111110110111100001111111001111111111100011101100100001110001110000010110111111100011111000011
1110010100000100101101101000111100000000000101001100110101111100110000111110010010010111010010011110
0011000101111101101001101110000111111111110001100010011100100001110110010111011011000110011000100010
1010110001000101000010000100110000000011011110001011000001101110000001010000011010010100100011101000
1010101111011101011110111101111111011000001010111111011111001000111111011101110010110101101100001110
0000101000010001000010100000001010010011100010100001000100011011110110011000010111110100100101111100
0110101101100111111010001111100010111110001110101100111101100010000100110011100110000110110101010001
0100001101101000110011111000111110110001111000101110011001001010101101100100001000110010010100010100
0111101100001010000110100010000000100100110011101111000011011010101101001111011011000111010111010110
0010001001111011111000101110111111001110100110001111111101001110101101011110010010011100010110010010
1001111011001000001010100100100000011010001100110000001101100001101001000000110110110001010010111010
0100001001101110111010110110110101100001101101111111100100001100001011111111100010100111111010001010
0101101100100000000110010010011101001101111001000000110001111111110010011011001011001100000010101011
0101100010011111110100111001001001011101100011011010110110000010000111000010011010011001111010101000
0101101011001100010001111101101011111000101110010010010111101100111111101010111010101011111111101010
0100101000100011011100000101101000001010101000110111010000101001100000101010001000101010000000111010
0110011110111001000110110100011111101010100111100101001110101011101110101011011111101001111010000110
0101000010011101110000011111000010001001110010001101100110101000101010011011000100001100011011110000
0101101101000100110101000001111000111101011010110001110010001101101011010001110111010111001000111111
0100000101110110011101111101000111100001010010011101111001101000101000000100110000010101100110001000
0001110100010011000110000100010010001101000111000100001100111010101111110110011111010001110100100010
1111110001011011110001110111111011100101011111010111100010000011100000110111110000010101110111111110
1000001111001000010100010110001000110101010110010000011010111100011110100110000111110100110011000000
0011100100011011010111010100101101100110010000111111001000110101001000111100111100000110011000011110
0110110101010010011000010001101000001110111011110101101110100101101011110001100101111111001111100000
0110000111110110101011110110101111100010100001000100100010101101101001100111001101100001101100101111
0011011000010100101010100110100001111010011100010001111011100001001100001100011100001101101001101010
1010001011010110001010001000011100000011010101110101001000101111010001111001000011111100100011001000
1011100010010011111010111111011111111111000111011101011110000010010111000011111011000110110110011110
1000111110111010001010100010000000010000110001000000000011111110110000011110110001010010110000100000
1010001000011010100010101010111011100110010101111111110110000010011111110000100100011010101111111110
1011101111000010111110001011110000101111011100000000111100111011000100010110001111111110101000011100
1001100000111010110111111000100101101110000111011110100001001000110111000111111110000100100011001001
0101011011101010010001000110101100100100110001110000001011011010110001110010001100110001111010100011
0101011000100011001100010110000010110111111100010111111000001010010100011001101001100110001010101000
0101010110111111100101110001111011110110000111011100001111111011010101011100101011101110100010111110
0101010110000100110100011111010010000100110010010001101100010001001101000010001010000000111110000100
0101010011110001100101010000010110111001111010110110100001011101101101101111101011111111000110110001
0100011000001100101101010101100100110010001010000110111111001000100111101000111011000110010011111100
0011001110100110100101000101001101100110101011111000100001101110110001000010000010010100111000000110
1010101000111100110011011100010000101110100001101010001100101100011101111111111110110101111111101100
1010101101110001111011011011111110000011111100001111111001100101010101100000000000110101000101001001
1010100001000101000010001010001000111100010101101000001011110111000100001111111111000101110001011011
1000110111011101011111100010101111110001000101100011101000000000111110111000000010010100011101001011
0010000110010001000000111010100001000111110100011110101111111110001010001111011100110111011001101001
0111111000111011111110100010011100011100010111000000101100011011100011101000011001100110010011101100
0101000011111000100000111111010011110111010001111111101001001000111000111011010010001000100100000110
0101011100000101101111100000011010000010011100000100001011101110000110000001010111111011101111110110
0001010101010100100100001111110010111000110111110111011000100111110111111111010001000010001000010100
1011000111010110110011011111000110101101110101100100001010110001000010000001001100011110111011000101
0000110010010110001001010000010010100001100100001101111011111101101000110101100111001010001001111100
1110011010110001101100010111011110110101001101111101100010001000101011110100010011100011011100000010
1011001010001101101111110100010000010100011101000100001010101110011010110111011010001001001111101010
0001101010100100100000001101100111110011001101010011111110100101001000100100011001111101100000101010
0101101011110111101111100100101110001011100100011001000000110101100111001101101100010000011011100110
0111001000010100000000010110100100101001110111111101101111110101010110010101101111001111000011010001
0100011110110001111111110100110001101101000000000101101000010001010100110100000101100111111001011101
0101100010110111100000010001111011111101111111110100001010111100010101000111110100010010001100011000
0100101010010100001111010100001011000100110000010111111010000010110101110100010101111010101001110010
0110101011010101111000010110101010010110100110110110000011111010010100010001100100101010111011000110
0000100111010100010011010010101010110010001110011100111110010011010111011011101110100010100010011000
0111110011011110110111111110111010101011100001010001101100110111010011011011101100101100101100110011
0001001001000010110010000010100010101000110111010111100001000001011001001001000101100101100101110110
1101101101011010011000111011101110101110100110010001101111111101001101101101010000110100110100110110
0100100001001111001111100010001100101010111100111101001000110101100101000100011111100110000110010100
0110111011100001101000001100110101100010010001011001011010010000010101110101100001001110111111010101
0110110000101100101011110001110100110111000101010011010011011111010001000111101101011000110001010101
0100010110100111101000110111110110010000011111000100010100000110011111101100001001001111000100010001
0001000010110001001110100100000001001111110000010111010111110100100000100001111011100100011111111101
1011111110111100011010101110111101100011000110111100010000110001101011001110010000010001110000000100
0001000110000111000010100010001101111001011110000001011110101100101110011010110111111110000111011110
1111010011110101111100101001100101000100010001111111010010101110001000111000010010000110111101010000
0000011010000001000001111101110110010111110101000100000110100011101011100011011000110010100100011011
0111111011111101011111000100010000110101000100010110111100101001001000011011000111111010001101010010
0010010001000101010000010111000111010101011111010100101001101011011111001000110100011001101101010110
1011000100010011000101110000111101010001000100010111100011110001010000100110010101000101101101100000
1000111111111011011101011011100000001101110011110001001110010111010110110111001101110101000100001110
1010000110001001010001000010001111101101011000110101011000110110010100010001100000100100010111111010
0011110100111101010111011100111110001001011110010100010010010010111001011011001111101111111100001000
0111010101100001110101011001100100101011000001001101100111011010100011011010011000001001100001100110
0001010100001011000101001011001101101001011111100101001111001000001100011011111011101100011010110010
0100010011111011010101101001011001001101010000110101010000101111111111110010000010000001000010111001
0111011000010000011100001100010011010000010110000101010110101000000100010100111111111111111110001100
0110001111011101100011110001110111110111110011110101010110100011101101010101100000001000000010100110
0100100001000111001010000111000100010010001001000110011000111101001001000100101111111011101100110110
1001111101110001011010111101011001011011101100111110110010000101011011111110101100010000101001110000
001000000000110000100000000100001100000000001000000000011011000100000000000010000100011010001000011B
