A000000001000100000010000000001010000010000001011000000000100000111000100010001101011001000000001010
1111111101010011111000111011100010101011011100010011110111101110000011001001100001000011011101100010
0000000101011000000111100001001100101011010111000110010010001000111100011100001100010111010000111000
0101010100110101110000110101011001101000010001111110111010111010001101100011111111110001010110001110
0101011110110101011110010101010010100111111100000110110010011011110000101010000001011101010011101000
1001100010010000010001010101100110110010011001110000100111001000000111101011110101011001001110100110
1011101011011011100111010101001000111011000011011110101101101111111100001000000101001011100000110010
0010001001000011001000010101011011000011101111011010001101101001001001111101111101101011111110111010
0110111101111110011110111101000010011100001000001010110001001100011011101001100100101001000110111010
0010110100000110110000000101111010100101111010101010010110010001001010001011001110100100110100011011
1010010111110100001111110100000010101100100010100001110100110111101011011011011000110110000101001000
0011000010010001100110010011111100100110011110111100000101010010101011011001001101110111110001111110
0111111010111111110010111000010001110001001000101001110101011000100011010101100100110000001111000010
0100010010000000001000101011010110000111100011100011111101011110111100010101110010011110101000011000
0001010111011111101110001110010111110000001100011000110001000100100101010101111011000110101010110110
1111010000010000101011100100110100001110111001001110100111011001101101010100001000110000101010110100
0000011111110101101010110001110001100110001011100011101000011011100001010111100110111111101010110001
0111000001100101101010001110000110110010101000111000101111010010001011000100110110001100001110001101
0011011100101001001000101000111110101011111110101110100001000111111010110110010010100001100001101101
1010011111101011011011101101100000101000001000101010011101110001100010100001011011111111111100101000
1011100001001010010010001001101110101111100011101011010100101101001110101111011000110001001110101111
0010001011011010110110110010001100100000111100000010000110101001010000100011000110100101101000100001
0110101001010010110010010111101001101110000101011010101100101011010111111000010110001101100011111100
0100111100010110011111010011001011100011011001011010100001101001010000001011010001111100101000000010
0001000111110101000001011001011000111011010011011011111110001101010101101011111101000110101111111110
0111010100000101111101011100011110011001000110001100000010101001010101000001000100011000111000100010
0000010101111100011101011111100011001111110011100001101000101011001101111111010111001010100010101000
0111111001000001001001001000001011100100011000111111101011101001100100010001010001111011101110001110
0100000011011111100011100011111000110001010011000100011010001101110111110101001100001000100001111010
0101111110011000011100001111000110111111011110010001010011010101100100000101101001011010101100110010
0100000110100011011111111000010100000010010000111111000111010101001101111101101111001110100010010110
0111110100101111011000100011110101111010100110100001111100000100011100010001000001101000111111010100
0001000001100100001010001110110101001000101000101101000001101111000111010111111101100011000111010001
1100111111110111100011111000000101101111101111100100111111111000011000010100010000111011010000011010
0110100110000010111111000011111100100000100001110110001000100011111011110001011010011001011111100010
0100110000111010001000110110000010011010001100010011011010001110001000111111001111001111000101001110
0101100110100010100010110010111011001110111001011011000011110000101010100011100001100000110101010000
0100111000101100101110011010001001100011100011010000111111010111111010101001111101001110110101010110
0110001110100001100001011001111101011000101111110110000001000100001010001101001001011000100101010010
0110100111111111011101001100001101011110100011000111111101011101100111111001100011111011001101001110
0110110000100011010001101111100100000010111000011000101000011000010000100010101111000011010000101000
0110111110001001011011101000110110111110000110110010100011100011111110001010100110011100010110100010
0011100001111101000000101010010010000111110010110110111110101110000011111110110010110101110010111110
1000011101000101111111001011011001110100011011100110000110001011011100000100111010110001001010110010
0011000001101101100000011001000100010101000000001010110010111001000001110101100000010111101010010110
0111111100000101001111111101110111010101111111111010111010001100011111110001001111110100100011000110
0100011111110100011100000001100110010001000000100010111011011001000010001111010001000110101110110110
0101001000010111100001111110001100110110011110011000111011010011111000100000011100011110000110110100
0101100110110101001111000100101001110100110001001110011010010110000111111111110001110100110010100101
0000010010110100011010010001101011110101000111100001001010110110110100101100010110000001101000101101
0111111010010101100010111111001000001101011000010111111000100000100110001001010011111111101110100000
1110000011010101111010010101011111101001001011010000000111111111101111100011011000000001100010111111
0000111111010100001011010001011010001011101001011111110000110100100000101110011111111100101010001000
0111000111010011100010011101001010111000100011010101111110010001111110100110100000000010001011101010
0001010000011000110110111001101010010010011110010100000011011101000110110100101111111011110010101010
0101010110111110010100110011101011011111000110110001011110010001010010100101101001000001100110101010
0101011110110001001101100111101001000010010010010101000000100110011000001100100011011101001110101010
0101010000100101100101001111101011111011111011000111111111101100111111111010011100011101010000100010
1001110110001100110001100111001001001001100010011000000100000101100010001011000001100001011101111110
0011000001111110100111110000011100011100101110110010110001111101101100101001111111111110010001000000
0111011111000110101100011011000101001010100110011110100110000101101101100011000110001000110100111101
0001010001011000100101001111010001101010110101000110111100101101101100011010010010101101000110011001
1101010101011011110101100010011110000010110101110010001001101101000011001010111000100101010011010010
0001010101000000010100111011100011111100100100001001100010100000011001101010001111110001011001010110
1011010100111111100110101000101000011101101101101101001010111111111101001011011000111111001101010010
0011010110000001001110101010001111001001001100101101111000100000100001011000010011000000100101111000
0110010101011101011100101011111010101010010110100101000111101110101110010111110101010110111100001110
0110110101000101000101100110000010101010110100110000010001101010101100110101010101010010000011100100
0110110001010101110100110000111000100010010001101111110101000010011001000001010001011011111000110101
0100011011110100010110001101111111111111010111101000010101111001000011011100011100001010001110000101
0101010001000111010001100100011000000110010001101011001100011101111111011111001111111000100111010100
0111000101011110010101010111010011010010110100001000100111001100010000001001100000011111110100011110
0001111101010000110101010011010111011010010101111110110100100011001111101101111111001100010101110000
0100000011011111111001011001000100010011001101000000110110111001100001000100000001101001010101000111
0101111010001100000011011100111101110111101001101111000100001101011101010011111100100011000110011000
0101110010100101111100011110001001000100001011000001011101101101010001011010011110111111101110111110
0100100110110101101101000011100011101101011110011111011000101101000111011011001000000010000100100000
0111101111000100101001101000111110001001011000111100010010101101101001001001101011111000110101101101
1100001000010110100011001110101010111010001011100001111110101101001011101100100000001011111101101100
0001111101110010111111011000100010011010111010001110000001101001011010001010110111101111000100100010
0110001100001110110000010010101111001010110010110000101100001011011000111010011110001000010110101010
0000100011100000000111110111100011101110100110111110101110111010001011100011000001110011110000111110
0111111011111111111101100100001000100010001100000110100011100010101010001011111101110111011111000000
0101101000001010000001001101101011111010111001010100110110001010101000101001000100110001000001011110
0001001011101000111101011101111000010010001111010101110000111011101111111101010110001100111101010000
1101011110101010010001000110000011110111110001110100101111101100001000000100010010111110001100010110
0100000100101011110111010010111010000100000100000110101110001001111101110110111010011111100111110100
0111110001101001100101011000001010111110111111111110100000100011000100110010101111000000010000010101
0100000111001100101100011111111010000010100000010010101111111111010110011110100011101111111111010101
0011010110011010100111110001000111110110101111000110100001000000010011001000101001000010000011010100
1000011100111010110000100101010100010110100001111100101100111101111011101011001100011110111010010111
0011110001000010001101101100010001010010011100011001101110010000100000001001011001010000001010110001
0110010101011111100100101011111011011011000101000011000011011110101111011101001111010101110010011100
0110110100010000010110001010100010001011010111011111011001000010111100000101100110011101000111001010
0110010011100111010111111010001010101001010010010000001101101110001001111101010010100001010001101010
0011011000001100010100001010101011101101011010111111101111101100101111000001011011101111010111001010
1000000111111101110111101010101100011101110010110000101000100101100110011111011001001001010110011010
1011110011000100000011100010101101000100010110000110111010110101110010111101000100011011010100100010
0001011001010111111001001010110001110111010111111000010010110101111010100001010111110001011101111000
010000010001000000010001101000010001000000010000001100011000010000100000110001000000010100000000001B
