A0000000001000100000000001000101010000000000011000
10011011111010101111111011010001000111111111000010
01001000010010001000101000010101011101100001101110
01101010110111111010001010110101010001001100101000
00001010100100000010111110010011000100011110101111
10111110101001101010100011011001111111111100101100
00100010101011101011001011111100001000111001100101
01001000100010001110011000001101100011000010110001
01011101111011111000111111101001011000011110111111
01010101011010000011000100001011010111100000001000
01000101000011011011010011011010010111101111111011
01110111011100011110011001011011000111000100001001
00110000000101100000111100010000110000010001011100
10001111111101101111000011111110011111111111000111
11100101000001001011011010001111000000000001010011
00110001011111011010011011100001111111111100011000
10101100010001010000100001001100000000110111100010
10101011110111010111101111011111110110000010101110
00001010000100010000101000000010100100111000101000
01101011011001111110100011111000101111100011101010
01000011011010001100111110001111101100011110001010
01111011000010100001101000100000001001001100111010
00100010011110111110001011101111110011101001100010
10011110110010000010101001001000000110100011001100
01000010011011101110101101101101011000011011011101
01011011001000000001100100100111010011011110010000
01011000100111111101001110010010010111011000110110
01011010110011000100011111011010111110001011100100
01001010001000110111000001011010000010101010001101
01100111101110010001101101000111111010101001111001
01010000100111011100000111110000100010011100100011
01011011010001001101010000011110001111010110101100
01000001011101100111011111010001111000010100100111
00011101000100110001100001000100100011010001110001
11111100010110111100011101111110111001010111110101
10000011110010000101000101100010001101010101100100
00111001000110110101110101001011011001100100001111
01101101010100100110000100011010000011101110111101
01100001111101101010111101101011111000101000010001
00110110000101001010101001101000011110100111000100
10100010110101100010100010000111000000110101011101
10111000100100111110101111110111111111110001110111
10001111101110100010101000100000000100001100010000
10100010000110101000101010101110111001100101011111
10111011110000101111100010111100001011110111000000
10011000001110101101111110001001011011100001110101
01010110111010100100010001101011001001001100011100
01010110001000110011000101100000101101111111000101
010101011011111110010111000111101111011000011101B1
01010101011010000011000100001011010111100000001000
