0000000000000000000000000000000001110000000000000000000000000000000000000000000000000000000000000000
0000000000000000000000000000000010000000000000000000000000000000000000000000000000000000000000000000
0000000000000000000000000000000100000000000000000000000000000000000000000000000000000001000000000000
00000011000000000000000000000010000000000000000000000000000001100000001100000000000000100000A0000000
0000000001100000000000000000000000000000000000000000000000000000000000000100000000000010000000000100
0000000000001100000000000000000000000000000000000000000000001100000000000010000000000100000000000100
0000000000000000000111111111000000000000000000000000000011000000000000000010000000000000000000000000
0000000000000000000000000000000111100000000000000000001000000000000000000000000000001000000000001000
0000000000000000000000000000000000000000000000000000000000000000000000000000000000001000000000001000
0000000000000000000000000000000000000000000000000000000000000000000000000000000000001000000000000000
0000000000000000000000000000000000000000000000000000000000000000000000000000000000001000000000010000
0000000000000010000000000000000000000000000000000000000000000000000000000010000000001000000000010000
0000000000000100000000000000000000000000000000000000000000000000000000000000000000000000000000000000
0000000000001000000000000000000000000000000000000000000000000000000000000100000000000100000000100000
0000000000010000000000000000000000000000000000000000000000000000000000000000000000000000000000100000
0000000000100000000000000000000000000000000000000000000000000000000000000000000000000010000001000000
0000000001000000000000000000000000000000000000000000000000000000000000000000000000000000100010000000
0000000000000000000000000000000000000000000000000000000000000000000000000000000000000000000000000000
0000000100000000000000000000000000000000000000000000000000000000000000000000000000000000000000000000
0000001000000000000000000000000000000000000000110000000000000000000100000000000000000000000000000000
0000010000000000000000000000000000000000000010000000000000000000001000000000000000000000000000000000
0001000000100000000000000000000000000000001000000000000000000000100000000000000000000000000000000000
0010000000100000000000000000000000000000100000000000000000000001000000000000000000000000000000000000
0010000000100000000000000000000000000001000000000000000000000100000000000000000000000000000000000000
0000000000000000000000000000000000000000000000000000000000001000000000000000000000000000000000000000
0001000000000000000000000000000000001000000000000000000001100000000000000000000000000000000000000000
0000000000010000000000000000000000100000000000000000000010000000000000000000000000000000000000000000
0000100000010000000000000000000001000000000000000000000000000000000000000000000000000000000000000011
0000000000010000000000000000000100000000000010000000000000000000000000000000000000000000111111110000
0000010000000000000000000000010000000000000010000000001000000000000000000000000110000000000000000000
0000000000000000000000000000100000000000000100000000010000000000000000000000010000000000000000000000
0000000000000000000000000001000000000000010000000000100000000000000000000110000000000000000000000000
0000000000001000000000000100000000000000100000000001000000000000000000010000000000000000000000000000
0000000000001000000000000000000000000010000000000010000000000000000000000000000000000000000000000000
0000000000001000000000000000000000001000000000000100000000000000000000000000000000000000000000000000
0000000000000000000001000000000000010000000000001000000000000000000000000000000000000000000000000000
0000000000000000000000000000000000100000000000010000000000000000000000000000000000000000000000000000
0000000000000000000010000000000010000000000000100000000000000000000000000000000000000000000000000000
0000000000000000000010000000000000000000000001000000000000000000000000000000000000000000000000000000
0000000000000000000010000000000000000000000001000000000000000000000000000000000000000000000000000000
1000000000000000000010000000000010000000000010000000000000000000000000000000000000000000000000000000
0100000000000100000010000000000000100000000100000000000000000000000000000000000000000011111100001000
0010000000000100000010000000000000010000001000000000000000000000000000000000000000110000000000000000
0001000000000100000010000000000000001000000000000000000000000000000000000000000100000000000000000010
0000000000000100000000000000000000000000000000000000000000000000000000000001100000000000000000000000
0000100000000100000000000000000000000000000000000000001100000000000000000010000000000000000000000001
0000000000000100000001000000000000000000000000000000100000000000000000000000000000000000000000000001
000B010000000100000001000000000001111000000000000000100000000000000000000000000000000000000000000000
0000000000000000000000000000000010000000000000000000000000000000000000000000000000000000000000000000
0000000000000000000000000000000100000000000000000000000000000000000000000000000000000000000000000000
0000000000000000000000100000000100000000000000000000100000000000000000000000000000000000000000000000
0000000000000000000000000000000000000000000000000000100000000000000000000000000000000000000000000000
0000000000000010000000000000000010000000000000000000000000000000000000000000000000000000000000000000
0000000000000010000000010000000001000000000000000000000000000000000000000000000100000000000000000001
0000000000000010000000010000000000100000000000000000000000000000000000000000010000000000000000000001
0000000000000000000000000000000000010000000000000000100000000000000000000001000000000000000000000001
0000000000000000000000000000000000001000000000000001000000000000000000001000000000000000000000000001
0000000000000000000000000000000000000011000000001100000000000000000000010000000000000000000000000000
0000000000000000000000001000000000000000001111000000000000000000000001000000000000000000000000000010
0000000000000001000000001000000000000000000000000000000000000000001000000000000000000000000000000010
0000000000000001000000001000000000000000000000000000000000000001100000000000000000000000000000000000
0000000000000000000000000000000000000000000000000000000000001100000000000000000000000000000000000100
0000000000000000000000000000000000000000000000000000000001100000000000000000000000000000000000001000
0000000000000000100000000100000000000000000000000000000100000000000000000000000000000000000000000000
0000000000000000000000000010000000000000000000000000010000000000000000000000000000000000000000010000
0000000000000000010000000000001111000000000000011000000000000000000000000000000000000000000000100000
0000000000000000010000000000000000000000000000000000000000000000000000000000000000000000000001000000
0000000000010000000000000000000000000000000000000000000000000000000000000000000000000000000100000000
0000000000001000000000000000000000000000000000000000000000000000000000000000000000000000001000000000
0000000000000000000100000000000000000000000000000000000000000000000000000000000000000000100000000000
0000000000000100000010000000000000000000000000000000000000000000000000000000000000000010000000000000
0000000000000010000001000000000000000000000000000000000000000000000000000000000000000100000000000000
0000000000000001000000000000000000000000000000000000000000000000000000000000000000110000000000000000
0000000000000000100000010000000000000000000000000000000000000000000000000000000001000000000000000000
0000000000000000000000001000000000000000000000000000000000000000000000000000000100000000000000000000
0000000000000000000000000010000000000000000000000000000000000000000000000000000000000000000000000000
0000000000000000000000000000100000000000000000000000000000000000000000000000000000000000000000000000
0000000000000000000000000000001100000000000000000000000001000000000000000000010000000000000000000000
0000000000000000000000000000000001100000000000000000000100000000000000000000000000000000000000000000
0000010000000000000000000000000000000110000000000001100000000000000000000001000000000000000000000000
0000100000000000000000000000000000000000000000000000000000000000000000000010000000000000110010000000
0001000000000000000000010000000000000000000000000000000000000000000000000100000000000100000001000000
0010000000000000000000001000000000000000000000000000000000000000000000000000000000010000000000100000
0000000000000000000000000100000000000000000000000000000000000000000000000000000000100000000000100000
0010000000000000000000000010000000000000000000000000000000000000000000010000000001000000000000000000
0001000000000000000000000001000000000000000000000000000000000000000000100000000010000000000000000000
0000000000000110000000000000100000000000000000000000000000000000000001000000000100000000000000000000
0000100000001000000000000000010000000000000000000000000000000000000000000000001000000000000000000000
0000010000010000000000000000001000000000000000000000000000000000010010000000010000000000000000000000
0000010000000000000000000000000100000000000000000000000000000000000000000000100000000000000000000000
0000010000000000000000000000000000000000000000000000000000000000001000000000000000000000000000000000
0000010000000000000000000000000000100000000000000000000110000000000100000100000000000000000000000000
0000010000000000000000000000000000001110000000011111000000000000000001110000000000000000000000000000
0000010000000000000000000000000000000000011111000000000000000000000000000000000000000000000000000000
0000010000000000000000000000000000000000000000000000000000000000000000000000000000000000000000000000
0000000000000000000000000000000000000000000000000000000000000000000000000000000000000000000000100000
0000000000000000000000000000000000000000000000000000000000000000000000000000000000000000000000100000
0000000000000000000000000000000000000000000000000000000000000000000000000000000000000000000000000000
0000000000000000000000000000000000000000000000000000000000000000000000000000000000000000000000000000
0000000000000000000000000000000000000000000000000000000000000000000000000000000000000000000001000000
